lol <- c(1:10)
